0 0 0 0 0 0 0 0 0 0 0 0 0 0 6 6 6 6 0 1 0 0 0 0 0 0 0 0
0 0 0 0 0 0 0 0 0 0 0 0 0 0 7 6 6 6 6 4 0 0 0 0 0 0 0 0
0 0 0 8 0 0 0 0 0 0 0 0 1 0 0 2 6 6 6 6 2 0 0 0 7 2 0 0
0 0 0 0 0 0 7 0 6 5 0 0 4 0 0 0 6 6 6 6 6 6 0 0 9 9 2 0
0 0 0 0 0 0 6 6 6 6 0 0 0 0 0 0 1 6 6 6 6 6 0 0 2 9 0 0
0 0 0 0 7 6 6 6 6 6 7 0 0 0 0 0 4 0 6 6 6 6 6 0 0 2 0 0
0 0 0 0 6 6 6 6 6 6 6 0 0 0 0 0 0 0 7 6 6 6 6 0 0 0 0 0
0 0 0 0 6 6 6 6 6 6 0 0 0 0 8 0 0 0 0 3 3 3 3 0 0 0 0 0
0 1 0 0 0 5 6 7 0 0 0 0 0 0 0 0 0 0 0 3 3 3 3 0 0 0 0 0
0 4 0 0 0 0 0 0 0 0 0 0 0 0 0 0 0 0 5 6 6 6 6 0 0 0 0 0
0 0 0 8 0 0 0 0 0 0 0 8 0 0 0 0 5 0 2 6 6 6 1 0 0 0 0 0
0 0 0 0 0 0 0 0 0 0 0 0 0 0 1 0 0 0 6 6 6 6 4 0 0 1 0 0
0 0 0 0 0 0 0 0 0 8 0 0 0 0 4 0 1 2 6 6 6 0 0 0 1 4 0 0
0 0 8 0 0 0 1 0 0 0 0 0 0 0 0 0 4 6 6 6 6 7 0 0 4 5 0 0
0 0 0 0 0 0 4 0 0 0 0 0 0 0 0 0 6 6 6 6 6 2 0 0 0 0 0 0
0 0 0 0 0 0 0 0 0 0 0 0 0 0 0 6 6 6 6 6 5 0 0 0 0 0 0 0