1 0 0 0 0 0 0 0 0 0 0 0 0 0 0 0 2 12 2 0 0 0 0 0 0 0 0 0
0 1 0 0 0 0 0 0 0 0 0 0 0 1 0 0 2 12 2 2 0 0 3 0 2 0 0 0
0 0 0 0 0 0 1 0 0 0 0 0 0 0 0 0 2 2 2 2 0 0 0 0 0 0 0 0 
0 0 0 0 0 0 0 0 11 0 0 0 0 4 5 6 0 2 12 2 2 0 0 0 0 0 0 0
0 4 5 6 0 0 3 0 0 0 0 0 0 7 8 9 0 1 2 2 2 2 0 11 0 0 0 0
0 7 8 9 0 0 0 0 0 0 0 0 0 0 10 0 0 0 2 2 12 2 2 0 0 0 0 0 
0 0 10 0 0 0 0 0 0 3 0 1 0 0 0 0 0 0 11 2 2 2 12 2 0 0 3 0 
0 0 0 0 0 0 0 0 0 0 0 0 0 0 0 0 0 0 0 2 2 2 2 2 2 0 0 0
0 0 0 0 0 1 0 0 0 0 0 0 0 0 0 11 0 0 1 0 2 12 12 12 2 2 0 0 
0 0 0 0 0 0 0 0 0 0 0 0 0 0 0 0 0 0 0 0 0 2 12 2 2 2 0 0 
0 0 0 0 0 0 0 11 2 2 2 2 2 0 0 0 0 0 0 3 0 0 2 2 2 2 2 0 
0 0 0 0 0 0 0 2 2 2 2 2 2 1 1 0 0 0 0 0 0 11 0 2 2 12 2 0 
0 0 0 0 11 2 2 2 2 12 12 2 2 2 0 0 0 4 5 6 0 0 0 2 2 2 2 2
0 0 1 0 2 2 2 12 12 12 12 2 2 2 0 0 0 7 8 9 0 0 1 0 2 2 2 2
0 0 0 2 2 2 12 12 12 12 12 12 2 2 2 0 0 0 10 0 0 0 0 0 11 2 2 12
0 0 0 2 2 12 12 12 12 12 12 12 2 2 2 0 0 0 0 0 0 0 0 0 0 0 2 12
